1
10
100
1000
1001
1002
1003
1006
1007
1009
1012
1014
1017
1018
1019
102
1020
1022
1024
1025
1026
1027
1028
103
1030
1032
1033
1034
1035
1036
1037
1038
1039
1040
1041
1042
1043
1044
1045
1047
1048
1049
1050
1051
1053
1054
1055
1056
106
1062
1064
1066
1068
1069
107
1070
1071
1073
1074
1075
1076
1077
1079
108
1080
1081
1082
1084
1085
1087
1088
109
1090
1091
1093
1094
1095
1096
1097
1098
11
110
1100
1101
1104
1105
1106
1107
1108
1109
111
1110
1112
1114
1115
1116
1117
1118
1119
112
1121
1122
1124
1125
1126
1127
1128
1129
113
1131
1132
1133
1134
1136
1137
1138
1139
114
1140
1141
1142
1143
1144
1145
1146
1149
115
1151
1152
1153
1154
1155
1156
1157
1158
1159
116
1160
1161
1162
1163
1164
1165
1166
1167
1168
1170
1171
1172
1175
1176
1178
1179
118
1180
1181
1182
1186
1187
1188
1189
119
1193
1194
1195
1197
1198
12
120
1200
1202
1203
1205
1207
1208
1209
1210
1211
1214
1215
1216
1219
122
1222
1223
1224
1227
1229
123
1230
1231
1233
1234
1235
1236
1237
1238
1239
124
1243
1245
1246
1248
1249
125
1250
1251
1252
1253
1254
1255
1256
1257
1258
126
1260
1261
1263
1264
1267
1268
1269
1270
1271
1274
1275
1278
128
1281
1283
1286
1287
1288
1289
129
1290
1291
1292
1295
1296
1297
1298
130
1300
1301
1302
1304
1306
1308
1309
1310
1311
1313
1315
1316
1317
1318
1319
132
1320
1321
1323
1325
1326
1327
1328
133
1330
1331
1332
1333
1334
1335
1337
1338
1339
1342
1344
1345
1346
1348
1349
135
1351
1352
1353
1354
1355
1356
1357
1358
1359
1360
1361
1362
1364
1366
1369
1371
1372
1373
1374
1376
1377
1378
138
1380
1381
1382
1383
1384
1387
1388
1389
139
1390
1391
1392
1393
1395
1396
1397
1398
1399
14
140
1400
1402
1404
1405
1407
1408
1409
141
1410
1411
1413
1418
1419
142
1420
1421
1422
1423
1424
1425
1426
1427
1428
1429
143
1431
1434
1437
1438
1439
1440
1441
1443
1444
1445
1446
1447
145
1450
1453
1454
1456
1458
146
1460
1461
1463
1464
1465
1466
1467
1468
1469
147
1470
1472
1474
1475
1476
1478
1479
1481
1482
1483
1484
1489
1491
1493
1494
1495
1496
1497
1498
1499
150
1500
1501
1502
1503
1504
1506
1507
151
1510
1511
1512
1513
1514
1517
1519
152
1520
1521
1522
1523
1524
1525
1526
1527
1529
153
1530
1531
1532
1533
1534
1535
1536
1537
1538
1539
154
1541
1542
1543
1544
1545
1546
1547
1548
1550
1551
1552
1553
1554
1558
1559
156
1560
1561
1562
1563
1564
1566
1567
1568
1569
157
1570
1571
1573
1574
1575
1576
1577
158
1580
1581
1582
1584
1585
1588
1589
159
1590
1592
1593
1594
1595
1596
1597
1598
1599
16
160
1600
1601
1602
1604
1605
1606
1607
1608
161
1612
1613
1614
1615
1616
1617
1618
162
1620
1623
1624
1625
1626
1628
163
1630
1632
1633
1634
1635
1636
1637
1638
1639
164
1640
1641
1642
1643
1645
1647
1648
1649
165
1650
1651
1652
1653
1656
1657
1658
166
1660
1661
1662
1663
1664
1666
1668
167
1671
1672
1673
1674
1675
1676
1677
1678
168
1680
1682
1683
1686
1687
1688
1689
1690
1691
1692
1693
1694
1699
17
170
1700
1701
1702
1703
1704
1705
1707
1711
1712
1713
1714
1716
1717
1718
1719
172
1720
1721
1722
1723
1725
1726
1727
1728
1729
173
1730
1731
1732
1733
1734
1735
1737
1741
1742
1744
1745
1746
1749
175
1750
1751
1753
1754
1755
1757
1759
176
1762
1763
1766
1767
1768
1769
177
1771
1772
1773
1774
1775
1776
1778
1779
1780
1781
1782
1784
1785
1788
1789
1790
1791
1792
1793
1795
1796
1798
1799
18
180
1800
1801
1803
1804
1806
181
1810
1813
1815
1816
1817
1819
182
1820
1822
1823
1825
1828
183
1830
1831
1832
1834
1835
1836
1837
1838
1839
184
1840
1842
1843
1846
1847
1848
185
1850
1851
1858
1859
186
1860
1861
1862
1864
1865
1868
1869
1870
1871
1873
1875
1876
1878
1879
188
1880
1881
1882
1883
1884
1886
1887
1888
189
1890
1891
1893
1896
1897
1898
1899
190
1900
1901
1902
1903
1905
1906
1909
191
1911
1914
1915
1916
1917
1918
1919
1920
1921
1922
1923
1926
1927
1928
1929
193
1932
1935
1936
1937
1938
194
1940
1941
1942
1946
1948
1949
195
1950
1951
1953
1956
1958
1959
196
1960
1965
1966
1967
1969
197
1970
1971
1972
1974
1977
1978
1979
1981
1982
1985
1986
1987
1988
1990
1991
1992
1993
1994
1997
1998
1999
2
20
2000
2001
2002
2003
2004
2005
2006
2007
2009
201
2010
2011
2013
2015
2017
2018
2019
202
2020
2021
2022
2023
2024
2026
2029
203
2031
2032
2033
2034
2041
2043
2045
2046
2047
2048
2049
205
2050
2051
2052
2055
2056
2057
206
2060
2061
2062
2063
2064
2065
2067
2068
2069
207
2070
2071
2073
2074
2076
2077
2078
208
2080
2082
2083
2085
2086
2087
2089
2090
2094
2096
2097
2099
21
210
2100
2102
2103
2104
2105
2106
2107
211
2110
2112
2114
2118
2119
212
2120
2122
2124
2125
2128
2130
2131
2132
2133
2134
2135
2136
2137
2138
2139
2140
2141
2142
2143
2144
2145
2146
2147
2148
2149
215
2151
2153
2154
2155
2156
2157
2158
2159
2160
2161
2162
2163
2164
2166
2167
2168
2169
217
2171
2173
2174
2177
2179
2180
2181
2183
2185
2187
2188
2189
219
2190
2192
2193
2194
2195
2196
2197
2198
2199
22
220
2200
2201
2202
2203
2206
2207
2209
2210
2211
2212
2214
2215
2218
2219
2220
2221
2224
2225
2226
2227
2228
2229
223
2230
2231
2232
2234
2235
2236
2237
2238
2239
224
2240
2241
2242
2243
2244
2245
2246
2247
2248
2250
2252
2253
2255
2256
2257
2258
2259
226
2263
2264
2265
2268
2269
227
2270
2272
2275
2276
2277
228
2281
2282
2284
2285
2286
2287
2288
229
2290
2291
2292
2293
2294
2297
23
2300
2303
2304
2305
2307
231
2310
2311
2312
2313
2314
2316
2317
2318
2319
2320
2321
2324
2325
2326
2329
233
2330
2334
2335
2337
2338
2340
2341
2342
2344
2345
2346
2347
2348
2349
2350
2351
2353
2354
2355
2356
2358
2359
236
2360
2361
2363
2364
2368
2369
237
2370
2372
2376
2378
2379
238
2380
2381
2383
2384
2386
2387
2388
239
2390
2391
2392
2393
2394
2395
2396
2397
2398
24
2400
2402
2403
2406
2407
2408
2409
241
2411
2413
2414
2415
2417
2418
2419
242
2420
2421
2422
2423
2424
2425
2426
2427
2428
2429
243
2430
2432
2433
2434
2436
2438
244
2441
2442
2443
2444
2445
2447
2449
245
2450
2451
2452
2453
2454
2455
2456
2457
2458
2459
246
2460
2462
2463
2464
2465
2466
2468
2469
247
2471
2472
2473
2474
2475
2477
2478
2479
248
2480
2481
2482
2483
2484
2485
2486
2488
2491
2495
2496
2499
25
250
253
254
255
256
257
258
259
26
260
262
263
264
265
266
267
268
272
273
274
276
278
279
28
280
281
282
283
284
286
287
288
289
290
291
292
293
294
295
296
298
299
3
30
301
303
305
306
308
31
310
311
312
313
314
315
316
317
318
319
32
320
321
322
323
324
326
327
328
33
330
331
332
334
335
337
339
340
343
346
35
350
351
352
353
354
355
356
358
359
36
360
362
364
365
366
367
369
37
370
371
373
374
377
378
379
38
382
383
384
386
387
389
39
390
391
392
393
394
396
397
398
399
400
402
403
404
405
406
407
408
409
411
412
413
415
416
417
418
42
420
421
422
423
424
425
427
428
429
43
430
431
432
433
435
436
438
439
44
441
443
445
446
447
448
449
45
450
451
452
453
454
456
457
458
460
462
463
464
465
466
469
470
472
473
474
475
477
478
479
481
482
483
484
485
486
487
489
49
490
491
493
494
495
497
498
499
50
500
501
502
504
505
506
509
51
511
512
513
514
515
516
518
519
520
523
524
525
526
527
528
529
530
532
533
535
536
538
54
540
541
543
544
545
546
547
549
550
551
552
553
555
556
557
560
561
562
565
567
568
57
570
571
572
574
575
577
578
579
58
581
582
584
586
588
589
59
591
592
593
594
596
597
598
599
6
60
602
603
605
606
608
609
614
615
619
62
620
621
622
624
626
627
628
629
63
630
631
632
634
635
637
639
64
640
641
642
643
644
645
646
648
649
65
650
653
654
657
658
659
66
661
662
665
666
667
669
670
672
673
674
675
676
678
679
681
682
683
685
687
688
689
69
690
694
695
696
699
7
700
703
704
706
708
709
71
711
712
714
715
718
72
720
721
722
726
727
728
73
732
733
735
736
737
739
740
741
742
743
745
746
747
748
749
751
752
753
754
755
756
758
76
760
761
762
763
764
765
766
768
770
771
772
775
776
777
778
779
78
780
782
783
784
785
787
788
789
79
790
791
792
795
796
797
799
8
800
803
804
805
806
807
81
811
813
814
816
817
818
819
82
820
821
822
823
824
825
826
827
828
829
83
830
832
833
834
835
836
837
838
839
840
841
842
843
844
845
848
85
852
853
854
855
856
857
86
861
862
863
864
866
867
868
869
87
870
871
873
874
875
877
878
879
88
880
882
885
888
889
89
890
891
892
893
895
897
898
899
9
900
901
902
904
905
906
907
908
909
91
910
911
912
914
915
917
918
919
920
921
923
924
925
926
927
928
93
930
932
933
934
935
936
937
938
94
940
943
945
946
947
949
95
950
951
952
953
954
955
957
958
959
96
960
961
962
967
968
97
970
971
972
973
975
976
977
98
980
981
983
985
986
987
988
989
99
990
991
992
995
996
997
998
999
